0.6 -0.005 0.27304792404174805
0.6 -0.005 0.3057835102081299
0.6 -0.005 0.34323978424072266
0.6 -0.005 0.40963220596313477
0.6 -0.0 0.4731771945953369
0.6 -0.0 0.5162239074707031
0.6 -0.0 0.5648014545440674
0.6 -0.0 0.6304044723510742
0.6 -0.0 0.6878814697265625
0.6 -0.0 0.7389309406280518
0.6 -0.005 0.7811930179595947
0.6 -0.005 0.8429698944091797
0.6 -0.005 0.8736417293548584
0.6 -0.0 0.9365932941436768
0.6 -0.0 0.9828603267669678
0.6 -0.0 1.038212776184082
0.6 -0.0 1.0721285343170166
0.6 -0.0 1.118736743927002
0.6 -0.0 1.166053295135498
0.6 -0.0 1.216019868850708
0.6 -0.0 1.278263807296753
0.6 -0.0 1.3240268230438232
0.6 -0.0 1.3723912239074707
0.6 -0.0 1.4198596477508545
0.6 -0.0 1.4668381214141846
0.6 -0.0 1.5054004192352295
0.6 -0.0 1.5592432022094727
0.6 -0.0 1.6046063899993896
0.8 -0.0 1.6505894660949707
0.8 -0.0 1.6910548210144043
0.8 -0.0 1.740478754043579
0.8 -0.015 1.7850863933563232
0.8 -0.015 1.8301782608032227
0.6 -0.015 1.86026930809021
0.6 -0.015 1.9071056842803955
0.6 -0.015 1.968907117843628
0.6 -0.015 1.9994451999664307
0.6 -0.015 2.058438301086426
0.6 -0.015 2.091108560562134
0.6 -0.01 2.146127462387085
0.8 -0.015 2.194427251815796
0.6 -0.03 2.2382395267486572
0.6 -0.05 2.2855091094970703
0.6 -0.065 2.325995445251465
0.6 -0.08 2.373652935028076
0.6 -0.095 2.419135093688965
0.6 -0.12 2.4651763439178467
0.6 -0.15 2.494143009185791
0.6 -0.18 2.540174722671509
0.6 -0.2 2.5992331504821777
0.6 -0.225 2.6409146785736084
0.6 -0.26 2.6864891052246094
0.6 -0.255 2.7315683364868164
0.6 -0.275 2.7795939445495605
0.6 -2.015 2.825515031814575
0.6 -2.035 2.874405860900879
0.6 -2.045 2.9093174934387207
0.6 -0.3 2.9551312923431396
0.6 -0.265 3.0164241790771484
0.6 -0.215 3.066490888595581
0.6 -0.17 3.1184756755828857
0.6 -0.155 3.1680290699005127
0.6 -0.155 3.21806001663208
0.6 -0.165 3.266169309616089
0.6 -0.185 3.3165454864501953
0.6 -0.2 3.3665590286254883
0.6 -0.225 3.4167284965515137
0.6 -0.24 3.4487545490264893
0.6 -0.26 3.4962852001190186
0.6 -0.265 3.55674409866333
0.6 -0.275 3.6038432121276855
0.6 -1.995 3.636606216430664
0.6 -1.99 3.6838901042938232
0.6 -1.99 3.7409520149230957
0.6 -0.25 3.775320529937744
0.6 -0.23 3.8336775302886963
0.6 -0.17500000000000002 3.8783600330352783
0.6 -0.115 3.923893928527832
0.6 -0.08 3.9640424251556396
0.6 -0.055 4.0156779289245605
0.8 -0.05 4.062636137008667
0.8 -0.05 4.109679937362671
0.6 -0.06 4.153793811798096
0.6 -0.07 4.196954250335693
0.6 -0.105 4.245263576507568
0.6 -0.13 4.298103332519531
0.6 -0.155 4.343402147293091
0.6 -0.18 4.382765293121338
0.6 -0.2 4.438636302947998
0.6 -0.215 4.485109806060791
0.6 -0.23500000000000001 4.523222208023071
0.6 -0.245 4.579859495162964
0.6 -0.29 4.6168036460876465
0.6 -2.035 4.660801410675049
0.6 -2.035 4.724778890609741
0.6 -2.075 4.754585027694702
0.6 -2.125 4.821309566497803
0.6 -2.15 4.8714704513549805
0.6 -2.1550000000000002 4.919245004653931
0.6 -2.1350000000000002 4.953674077987671
0.6 -0.275 5.012308597564697
0.6 -0.20500000000000002 5.044582843780518
0.6 -0.09 5.0939271450042725
0.6 -0.015 5.152652025222778
0.6 0.045 5.184678316116333
0.6 0.105 5.231555938720703
0.6 0.125 5.290741920471191
0.6 0.145 5.335246562957764
0.6 0.15 5.370358943939209
0.6 0.15 5.424235105514526
0.6 0.14 5.464392423629761
0.6 0.13 5.514828205108643
0.6 0.12 5.560689687728882
0.6 0.095 5.605985641479492
0.6 0.08 5.654247045516968
0.6 0.06 5.698879957199097
0.6 0.04 5.72722053527832
0.6 0.02 5.788030385971069
0.6 -0.0 5.8356053829193115
0.6 -0.01 5.867125749588013
0.6 -0.035 5.929521560668945
0.6 -0.05 5.971992254257202
0.6 -0.06 6.006846904754639
0.6 -0.07 6.053467512130737
0.6 -0.08 6.100451469421387
0.6 -0.085 6.159965753555298
0.6 -0.09 6.194311141967773
0.6 -0.095 6.245995759963989
0.6 -0.095 6.294775485992432
0.6 -0.095 6.3326568603515625
0.8 -0.09 6.383378744125366
0.8 -0.085 6.412810325622559
0.8 -0.08 6.458641052246094
0.8 -0.075 6.516693353652954
0.8 -0.065 6.550180673599243
0.8 -0.06 6.59569525718689
0.8 -0.05 6.653492450714111
0.8 -0.04 6.6912431716918945
0.8 -0.03 6.7336790561676025
0.8 -0.02 6.793597221374512
0.8 -0.015 6.826751947402954
0.6 -0.005 6.8828911781311035
0.8 0.005 6.928864002227783
0.6 0.01 6.976548671722412
0.6 0.015 7.013413906097412
0.8 0.025 7.069471120834351
0.8 0.03 7.112089395523071
0.8 0.035 7.16024112701416
0.8 0.035 7.206867218017578
0.8 0.035 7.25377893447876
0.8 0.04 7.3018457889556885
0.6 0.04 7.337811231613159
0.6 0.04 7.399726629257202
0.6 0.035 7.458203315734863
0.6 0.03 7.506567716598511
0.6 0.025 7.563622951507568
0.6 0.02 7.615705966949463
0.6 0.015 7.6682093143463135
0.6 0.01 7.7180562019348145
0.6 0.005 7.751221418380737
0.8 -0.0 7.796630382537842
0.8 -0.005 7.851550817489624
0.6 -0.005 7.8906495571136475
0.6 -0.01 7.937142848968506
0.6 -0.01 7.995628833770752
0.8 -0.015 8.031466484069824
0.6 -0.055 8.08460783958435
